1   	2   
2   	1   
104 	129 
104 	130 
104 	131 
104 	132 
104 	133 
104 	134 
104 	135 
104 	136 
104 	137 
104 	138 
104 	139 
104 	140 
104 	141 
104 	142 
104 	143 
104 	144 
104 	145 
104 	146 
104 	147 
104 	148 
104 	149 
104 	150 
104 	151 
104 	152 
104 	153 
105 	129 
105 	130 
105 	131 
105 	132 
105 	133 
105 	134 
105 	135 
105 	136 
105 	137 
105 	138 
105 	139 
105 	140 
105 	141 
105 	142 
105 	143 
105 	144 
105 	145 
105 	146 
105 	147 
105 	148 
105 	149 
105 	150 
105 	151 
105 	152 
105 	153 
106 	129 
106 	130 
106 	131 
106 	132 
106 	133 
106 	134 
106 	135 
106 	136 
106 	137 
106 	138 
106 	139 
106 	140 
106 	141 
106 	142 
106 	143 
106 	144 
106 	145 
106 	146 
106 	147 
106 	148 
106 	149 
106 	150 
106 	151 
106 	152 
106 	153 
107 	129 
107 	130 
107 	131 
107 	132 
107 	133 
107 	134 
107 	135 
107 	136 
107 	137 
107 	138 
107 	139 
107 	140 
107 	141 
107 	142 
107 	143 
107 	144 
107 	145 
107 	146 
107 	147 
107 	148 
107 	149 
107 	150 
107 	151 
107 	152 
107 	153 
108 	129 
108 	130 
108 	131 
108 	132 
108 	133 
108 	134 
108 	135 
108 	136 
108 	137 
108 	138 
108 	139 
108 	140 
108 	141 
108 	142 
108 	143 
108 	144 
108 	145 
108 	146 
108 	147 
108 	148 
108 	149 
108 	150 
108 	151 
108 	152 
108 	153 
109 	129 
109 	130 
109 	131 
109 	132 
109 	133 
109 	134 
109 	135 
109 	136 
109 	137 
109 	138 
109 	139 
109 	140 
109 	141 
109 	142 
109 	143 
109 	144 
109 	145 
109 	146 
109 	147 
109 	148 
109 	149 
109 	150 
109 	151 
109 	152 
109 	153 
110 	129 
110 	130 
110 	131 
110 	132 
110 	133 
110 	134 
110 	135 
110 	136 
110 	137 
110 	138 
110 	139 
110 	140 
110 	141 
110 	142 
110 	143 
110 	144 
110 	145 
110 	146 
110 	147 
110 	148 
110 	149 
110 	150 
110 	151 
110 	152 
110 	153 
111 	129 
111 	130 
111 	131 
111 	132 
111 	133 
111 	134 
111 	135 
111 	136 
111 	137 
111 	138 
111 	139 
111 	140 
111 	141 
111 	142 
111 	143 
111 	144 
111 	145 
111 	146 
111 	147 
111 	148 
111 	149 
111 	150 
111 	151 
111 	152 
111 	153 
112 	129 
112 	130 
112 	131 
112 	132 
112 	133 
112 	134 
112 	135 
112 	136 
112 	137 
112 	138 
112 	139 
112 	140 
112 	141 
112 	142 
112 	143 
112 	144 
112 	145 
112 	146 
112 	147 
112 	148 
112 	149 
112 	150 
112 	151 
112 	152 
112 	153 
113 	129 
113 	130 
113 	131 
113 	132 
113 	133 
113 	134 
113 	135 
113 	136 
113 	137 
113 	138 
113 	139 
113 	140 
113 	141 
113 	142 
113 	143 
113 	144 
113 	145 
113 	146 
113 	147 
113 	148 
113 	149 
113 	150 
113 	151 
113 	152 
113 	153 
114 	129 
114 	130 
114 	131 
114 	132 
114 	133 
114 	134 
114 	135 
114 	136 
114 	137 
114 	138 
114 	139 
114 	140 
114 	141 
114 	142 
114 	143 
114 	144 
114 	145 
114 	146 
114 	147 
114 	148 
114 	149 
114 	150 
114 	151 
114 	152 
114 	153 
115 	129 
115 	130 
115 	131 
115 	132 
115 	133 
115 	134 
115 	135 
115 	136 
115 	137 
115 	138 
115 	139 
115 	140 
115 	141 
115 	142 
115 	143 
115 	144 
115 	145 
115 	146 
115 	147 
115 	148 
115 	149 
115 	150 
115 	151 
115 	152 
115 	153 
116 	129 
116 	130 
116 	131 
116 	132 
116 	133 
116 	134 
116 	135 
116 	136 
116 	137 
116 	138 
116 	139 
116 	140 
116 	141 
116 	142 
116 	143 
116 	144 
116 	145 
116 	146 
116 	147 
116 	148 
116 	149 
116 	150 
116 	151 
116 	152 
116 	153 
117 	129 
117 	130 
117 	131 
117 	132 
117 	133 
117 	134 
117 	135 
117 	136 
117 	137 
117 	138 
117 	139 
117 	140 
117 	141 
117 	142 
117 	143 
117 	144 
117 	145 
117 	146 
117 	147 
117 	148 
117 	149 
117 	150 
117 	151 
117 	152 
117 	153 
118 	129 
118 	130 
118 	131 
118 	132 
118 	133 
118 	134 
118 	135 
118 	136 
118 	137 
118 	138 
118 	139 
118 	140 
118 	141 
118 	142 
118 	143 
118 	144 
118 	145 
118 	146 
118 	147 
118 	148 
118 	149 
118 	150 
118 	151 
118 	152 
118 	153 
119 	129 
119 	130 
119 	131 
119 	132 
119 	133 
119 	134 
119 	135 
119 	136 
119 	137 
119 	138 
119 	139 
119 	140 
119 	141 
119 	142 
119 	143 
119 	144 
119 	145 
119 	146 
119 	147 
119 	148 
119 	149 
119 	150 
119 	151 
119 	152 
119 	153 
120 	129 
120 	130 
120 	131 
120 	132 
120 	133 
120 	134 
120 	135 
120 	136 
120 	137 
120 	138 
120 	139 
120 	140 
120 	141 
120 	142 
120 	143 
120 	144 
120 	145 
120 	146 
120 	147 
120 	148 
120 	149 
120 	150 
120 	151 
120 	152 
120 	153 
121 	129 
121 	130 
121 	131 
121 	132 
121 	133 
121 	134 
121 	135 
121 	136 
121 	137 
121 	138 
121 	139 
121 	140 
121 	141 
121 	142 
121 	143 
121 	144 
121 	145 
121 	146 
121 	147 
121 	148 
121 	149 
121 	150 
121 	151 
121 	152 
121 	153 
122 	129 
122 	130 
122 	131 
122 	132 
122 	133 
122 	134 
122 	135 
122 	136 
122 	137 
122 	138 
122 	139 
122 	140 
122 	141 
122 	142 
122 	143 
122 	144 
122 	145 
122 	146 
122 	147 
122 	148 
122 	149 
122 	150 
122 	151 
122 	152 
122 	153 
123 	129 
123 	130 
123 	131 
123 	132 
123 	133 
123 	134 
123 	135 
123 	136 
123 	137 
123 	138 
123 	139 
123 	140 
123 	141 
123 	142 
123 	143 
123 	144 
123 	145 
123 	146 
123 	147 
123 	148 
123 	149 
123 	150 
123 	151 
123 	152 
123 	153 
124 	129 
124 	130 
124 	131 
124 	132 
124 	133 
124 	134 
124 	135 
124 	136 
124 	137 
124 	138 
124 	139 
124 	140 
124 	141 
124 	142 
124 	143 
124 	144 
124 	145 
124 	146 
124 	147 
124 	148 
124 	149 
124 	150 
124 	151 
124 	152 
124 	153 
125 	129 
125 	130 
125 	131 
125 	132 
125 	133 
125 	134 
125 	135 
125 	136 
125 	137 
125 	138 
125 	139 
125 	140 
125 	141 
125 	142 
125 	143 
125 	144 
125 	145 
125 	146 
125 	147 
125 	148 
125 	149 
125 	150 
125 	151 
125 	152 
125 	153 
126 	129 
126 	130 
126 	131 
126 	132 
126 	133 
126 	134 
126 	135 
126 	136 
126 	137 
126 	138 
126 	139 
126 	140 
126 	141 
126 	142 
126 	143 
126 	144 
126 	145 
126 	146 
126 	147 
126 	148 
126 	149 
126 	150 
126 	151 
126 	152 
126 	153 
127 	129 
127 	130 
127 	131 
127 	132 
127 	133 
127 	134 
127 	135 
127 	136 
127 	137 
127 	138 
127 	139 
127 	140 
127 	141 
127 	142 
127 	143 
127 	144 
127 	145 
127 	146 
127 	147 
127 	148 
127 	149 
127 	150 
127 	151 
127 	152 
127 	153 
128 	129 
128 	130 
128 	131 
128 	132 
128 	133 
128 	134 
128 	135 
128 	136 
128 	137 
128 	138 
128 	139 
128 	140 
128 	141 
128 	142 
128 	143 
128 	144 
128 	145 
128 	146 
128 	147 
128 	148 
128 	149 
128 	150 
128 	151 
128 	152 
128 	153 
129 	154 
129 	155 
129 	156 
129 	157 
129 	158 
129 	159 
129 	160 
129 	161 
129 	162 
129 	163 
129 	164 
129 	165 
129 	166 
129 	167 
129 	168 
129 	169 
129 	170 
129 	171 
129 	172 
129 	173 
129 	174 
129 	175 
129 	176 
129 	177 
129 	178 
130 	154 
130 	155 
130 	156 
130 	157 
130 	158 
130 	159 
130 	160 
130 	161 
130 	162 
130 	163 
130 	164 
130 	165 
130 	166 
130 	167 
130 	168 
130 	169 
130 	170 
130 	171 
130 	172 
130 	173 
130 	174 
130 	175 
130 	176 
130 	177 
130 	178 
131 	154 
131 	155 
131 	156 
131 	157 
131 	158 
131 	159 
131 	160 
131 	161 
131 	162 
131 	163 
131 	164 
131 	165 
131 	166 
131 	167 
131 	168 
131 	169 
131 	170 
131 	171 
131 	172 
131 	173 
131 	174 
131 	175 
131 	176 
131 	177 
131 	178 
132 	154 
132 	155 
132 	156 
132 	157 
132 	158 
132 	159 
132 	160 
132 	161 
132 	162 
132 	163 
132 	164 
132 	165 
132 	166 
132 	167 
132 	168 
132 	169 
132 	170 
132 	171 
132 	172 
132 	173 
132 	174 
132 	175 
132 	176 
132 	177 
132 	178 
133 	154 
133 	155 
133 	156 
133 	157 
133 	158 
133 	159 
133 	160 
133 	161 
133 	162 
133 	163 
133 	164 
133 	165 
133 	166 
133 	167 
133 	168 
133 	169 
133 	170 
133 	171 
133 	172 
133 	173 
133 	174 
133 	175 
133 	176 
133 	177 
133 	178 
134 	154 
134 	155 
134 	156 
134 	157 
134 	158 
134 	159 
134 	160 
134 	161 
134 	162 
134 	163 
134 	164 
134 	165 
134 	166 
134 	167 
134 	168 
134 	169 
134 	170 
134 	171 
134 	172 
134 	173 
134 	174 
134 	175 
134 	176 
134 	177 
134 	178 
135 	154 
135 	155 
135 	156 
135 	157 
135 	158 
135 	159 
135 	160 
135 	161 
135 	162 
135 	163 
135 	164 
135 	165 
135 	166 
135 	167 
135 	168 
135 	169 
135 	170 
135 	171 
135 	172 
135 	173 
135 	174 
135 	175 
135 	176 
135 	177 
135 	178 
136 	154 
136 	155 
136 	156 
136 	157 
136 	158 
136 	159 
136 	160 
136 	161 
136 	162 
136 	163 
136 	164 
136 	165 
136 	166 
136 	167 
136 	168 
136 	169 
136 	170 
136 	171 
136 	172 
136 	173 
136 	174 
136 	175 
136 	176 
136 	177 
136 	178 
137 	154 
137 	155 
137 	156 
137 	157 
137 	158 
137 	159 
137 	160 
137 	161 
137 	162 
137 	163 
137 	164 
137 	165 
137 	166 
137 	167 
137 	168 
137 	169 
137 	170 
137 	171 
137 	172 
137 	173 
137 	174 
137 	175 
137 	176 
137 	177 
137 	178 
138 	154 
138 	155 
138 	156 
138 	157 
138 	158 
138 	159 
138 	160 
138 	161 
138 	162 
138 	163 
138 	164 
138 	165 
138 	166 
138 	167 
138 	168 
138 	169 
138 	170 
138 	171 
138 	172 
138 	173 
138 	174 
138 	175 
138 	176 
138 	177 
138 	178 
139 	154 
139 	155 
139 	156 
139 	157 
139 	158 
139 	159 
139 	160 
139 	161 
139 	162 
139 	163 
139 	164 
139 	165 
139 	166 
139 	167 
139 	168 
139 	169 
139 	170 
139 	171 
139 	172 
139 	173 
139 	174 
139 	175 
139 	176 
139 	177 
139 	178 
140 	154 
140 	155 
140 	156 
140 	157 
140 	158 
140 	159 
140 	160 
140 	161 
140 	162 
140 	163 
140 	164 
140 	165 
140 	166 
140 	167 
140 	168 
140 	169 
140 	170 
140 	171 
140 	172 
140 	173 
140 	174 
140 	175 
140 	176 
140 	177 
140 	178 
141 	154 
141 	155 
141 	156 
141 	157 
141 	158 
141 	159 
141 	160 
141 	161 
141 	162 
141 	163 
141 	164 
141 	165 
141 	166 
141 	167 
141 	168 
141 	169 
141 	170 
141 	171 
141 	172 
141 	173 
141 	174 
141 	175 
141 	176 
141 	177 
141 	178 
142 	154 
142 	155 
142 	156 
142 	157 
142 	158 
142 	159 
142 	160 
142 	161 
142 	162 
142 	163 
142 	164 
142 	165 
142 	166 
142 	167 
142 	168 
142 	169 
142 	170 
142 	171 
142 	172 
142 	173 
142 	174 
142 	175 
142 	176 
142 	177 
142 	178 
143 	154 
143 	155 
143 	156 
143 	157 
143 	158 
143 	159 
143 	160 
143 	161 
143 	162 
143 	163 
143 	164 
143 	165 
143 	166 
143 	167 
143 	168 
143 	169 
143 	170 
143 	171 
143 	172 
143 	173 
143 	174 
143 	175 
143 	176 
143 	177 
143 	178 
144 	154 
144 	155 
144 	156 
144 	157 
144 	158 
144 	159 
144 	160 
144 	161 
144 	162 
144 	163 
144 	164 
144 	165 
144 	166 
144 	167 
144 	168 
144 	169 
144 	170 
144 	171 
144 	172 
144 	173 
144 	174 
144 	175 
144 	176 
144 	177 
144 	178 
145 	154 
145 	155 
145 	156 
145 	157 
145 	158 
145 	159 
145 	160 
145 	161 
145 	162 
145 	163 
145 	164 
145 	165 
145 	166 
145 	167 
145 	168 
145 	169 
145 	170 
145 	171 
145 	172 
145 	173 
145 	174 
145 	175 
145 	176 
145 	177 
145 	178 
146 	154 
146 	155 
146 	156 
146 	157 
146 	158 
146 	159 
146 	160 
146 	161 
146 	162 
146 	163 
146 	164 
146 	165 
146 	166 
146 	167 
146 	168 
146 	169 
146 	170 
146 	171 
146 	172 
146 	173 
146 	174 
146 	175 
146 	176 
146 	177 
146 	178 
147 	154 
147 	155 
147 	156 
147 	157 
147 	158 
147 	159 
147 	160 
147 	161 
147 	162 
147 	163 
147 	164 
147 	165 
147 	166 
147 	167 
147 	168 
147 	169 
147 	170 
147 	171 
147 	172 
147 	173 
147 	174 
147 	175 
147 	176 
147 	177 
147 	178 
148 	154 
148 	155 
148 	156 
148 	157 
148 	158 
148 	159 
148 	160 
148 	161 
148 	162 
148 	163 
148 	164 
148 	165 
148 	166 
148 	167 
148 	168 
148 	169 
148 	170 
148 	171 
148 	172 
148 	173 
148 	174 
148 	175 
148 	176 
148 	177 
148 	178 
149 	154 
149 	155 
149 	156 
149 	157 
149 	158 
149 	159 
149 	160 
149 	161 
149 	162 
149 	163 
149 	164 
149 	165 
149 	166 
149 	167 
149 	168 
149 	169 
149 	170 
149 	171 
149 	172 
149 	173 
149 	174 
149 	175 
149 	176 
149 	177 
149 	178 
150 	154 
150 	155 
150 	156 
150 	157 
150 	158 
150 	159 
150 	160 
150 	161 
150 	162 
150 	163 
150 	164 
150 	165 
150 	166 
150 	167 
150 	168 
150 	169 
150 	170 
150 	171 
150 	172 
150 	173 
150 	174 
150 	175 
150 	176 
150 	177 
150 	178 
151 	154 
151 	155 
151 	156 
151 	157 
151 	158 
151 	159 
151 	160 
151 	161 
151 	162 
151 	163 
151 	164 
151 	165 
151 	166 
151 	167 
151 	168 
151 	169 
151 	170 
151 	171 
151 	172 
151 	173 
151 	174 
151 	175 
151 	176 
151 	177 
151 	178 
152 	154 
152 	155 
152 	156 
152 	157 
152 	158 
152 	159 
152 	160 
152 	161 
152 	162 
152 	163 
152 	164 
152 	165 
152 	166 
152 	167 
152 	168 
152 	169 
152 	170 
152 	171 
152 	172 
152 	173 
152 	174 
152 	175 
152 	176 
152 	177 
152 	178 
153 	154 
153 	155 
153 	156 
153 	157 
153 	158 
153 	159 
153 	160 
153 	161 
153 	162 
153 	163 
153 	164 
153 	165 
153 	166 
153 	167 
153 	168 
153 	169 
153 	170 
153 	171 
153 	172 
153 	173 
153 	174 
153 	175 
153 	176 
153 	177 
153 	178 
154 	179 
154 	180 
154 	181 
154 	182 
154 	183 
154 	184 
154 	185 
154 	186 
154 	187 
154 	188 
154 	189 
154 	190 
154 	191 
154 	192 
154 	193 
154 	194 
154 	195 
154 	196 
154 	197 
154 	198 
154 	199 
154 	200 
154 	201 
154 	202 
154 	203 
155 	179 
155 	180 
155 	181 
155 	182 
155 	183 
155 	184 
155 	185 
155 	186 
155 	187 
155 	188 
155 	189 
155 	190 
155 	191 
155 	192 
155 	193 
155 	194 
155 	195 
155 	196 
155 	197 
155 	198 
155 	199 
155 	200 
155 	201 
155 	202 
155 	203 
156 	179 
156 	180 
156 	181 
156 	182 
156 	183 
156 	184 
156 	185 
156 	186 
156 	187 
156 	188 
156 	189 
156 	190 
156 	191 
156 	192 
156 	193 
156 	194 
156 	195 
156 	196 
156 	197 
156 	198 
156 	199 
156 	200 
156 	201 
156 	202 
156 	203 
157 	179 
157 	180 
157 	181 
157 	182 
157 	183 
157 	184 
157 	185 
157 	186 
157 	187 
157 	188 
157 	189 
157 	190 
157 	191 
157 	192 
157 	193 
157 	194 
157 	195 
157 	196 
157 	197 
157 	198 
157 	199 
157 	200 
157 	201 
157 	202 
157 	203 
158 	179 
158 	180 
158 	181 
158 	182 
158 	183 
158 	184 
158 	185 
158 	186 
158 	187 
158 	188 
158 	189 
158 	190 
158 	191 
158 	192 
158 	193 
158 	194 
158 	195 
158 	196 
158 	197 
158 	198 
158 	199 
158 	200 
158 	201 
158 	202 
158 	203 
159 	179 
159 	180 
159 	181 
159 	182 
159 	183 
159 	184 
159 	185 
159 	186 
159 	187 
159 	188 
159 	189 
159 	190 
159 	191 
159 	192 
159 	193 
159 	194 
159 	195 
159 	196 
159 	197 
159 	198 
159 	199 
159 	200 
159 	201 
159 	202 
159 	203 
160 	179 
160 	180 
160 	181 
160 	182 
160 	183 
160 	184 
160 	185 
160 	186 
160 	187 
160 	188 
160 	189 
160 	190 
160 	191 
160 	192 
160 	193 
160 	194 
160 	195 
160 	196 
160 	197 
160 	198 
160 	199 
160 	200 
160 	201 
160 	202 
160 	203 
161 	179 
161 	180 
161 	181 
161 	182 
161 	183 
161 	184 
161 	185 
161 	186 
161 	187 
161 	188 
161 	189 
161 	190 
161 	191 
161 	192 
161 	193 
161 	194 
161 	195 
161 	196 
161 	197 
161 	198 
161 	199 
161 	200 
161 	201 
161 	202 
161 	203 
162 	179 
162 	180 
162 	181 
162 	182 
162 	183 
162 	184 
162 	185 
162 	186 
162 	187 
162 	188 
162 	189 
162 	190 
162 	191 
162 	192 
162 	193 
162 	194 
162 	195 
162 	196 
162 	197 
162 	198 
162 	199 
162 	200 
162 	201 
162 	202 
162 	203 
163 	179 
163 	180 
163 	181 
163 	182 
163 	183 
163 	184 
163 	185 
163 	186 
163 	187 
163 	188 
163 	189 
163 	190 
163 	191 
163 	192 
163 	193 
163 	194 
163 	195 
163 	196 
163 	197 
163 	198 
163 	199 
163 	200 
163 	201 
163 	202 
163 	203 
164 	179 
164 	180 
164 	181 
164 	182 
164 	183 
164 	184 
164 	185 
164 	186 
164 	187 
164 	188 
164 	189 
164 	190 
164 	191 
164 	192 
164 	193 
164 	194 
164 	195 
164 	196 
164 	197 
164 	198 
164 	199 
164 	200 
164 	201 
164 	202 
164 	203 
165 	179 
165 	180 
165 	181 
165 	182 
165 	183 
165 	184 
165 	185 
165 	186 
165 	187 
165 	188 
165 	189 
165 	190 
165 	191 
165 	192 
165 	193 
165 	194 
165 	195 
165 	196 
165 	197 
165 	198 
165 	199 
165 	200 
165 	201 
165 	202 
165 	203 
166 	179 
166 	180 
166 	181 
166 	182 
166 	183 
166 	184 
166 	185 
166 	186 
166 	187 
166 	188 
166 	189 
166 	190 
166 	191 
166 	192 
166 	193 
166 	194 
166 	195 
166 	196 
166 	197 
166 	198 
166 	199 
166 	200 
166 	201 
166 	202 
166 	203 
167 	179 
167 	180 
167 	181 
167 	182 
167 	183 
167 	184 
167 	185 
167 	186 
167 	187 
167 	188 
167 	189 
167 	190 
167 	191 
167 	192 
167 	193 
167 	194 
167 	195 
167 	196 
167 	197 
167 	198 
167 	199 
167 	200 
167 	201 
167 	202 
167 	203 
168 	179 
168 	180 
168 	181 
168 	182 
168 	183 
168 	184 
168 	185 
168 	186 
168 	187 
168 	188 
168 	189 
168 	190 
168 	191 
168 	192 
168 	193 
168 	194 
168 	195 
168 	196 
168 	197 
168 	198 
168 	199 
168 	200 
168 	201 
168 	202 
168 	203 
169 	179 
169 	180 
169 	181 
169 	182 
169 	183 
169 	184 
169 	185 
169 	186 
169 	187 
169 	188 
169 	189 
169 	190 
169 	191 
169 	192 
169 	193 
169 	194 
169 	195 
169 	196 
169 	197 
169 	198 
169 	199 
169 	200 
169 	201 
169 	202 
169 	203 
170 	179 
170 	180 
170 	181 
170 	182 
170 	183 
170 	184 
170 	185 
170 	186 
170 	187 
170 	188 
170 	189 
170 	190 
170 	191 
170 	192 
170 	193 
170 	194 
170 	195 
170 	196 
170 	197 
170 	198 
170 	199 
170 	200 
170 	201 
170 	202 
170 	203 
171 	179 
171 	180 
171 	181 
171 	182 
171 	183 
171 	184 
171 	185 
171 	186 
171 	187 
171 	188 
171 	189 
171 	190 
171 	191 
171 	192 
171 	193 
171 	194 
171 	195 
171 	196 
171 	197 
171 	198 
171 	199 
171 	200 
171 	201 
171 	202 
171 	203 
172 	179 
172 	180 
172 	181 
172 	182 
172 	183 
172 	184 
172 	185 
172 	186 
172 	187 
172 	188 
172 	189 
172 	190 
172 	191 
172 	192 
172 	193 
172 	194 
172 	195 
172 	196 
172 	197 
172 	198 
172 	199 
172 	200 
172 	201 
172 	202 
172 	203 
173 	179 
173 	180 
173 	181 
173 	182 
173 	183 
173 	184 
173 	185 
173 	186 
173 	187 
173 	188 
173 	189 
173 	190 
173 	191 
173 	192 
173 	193 
173 	194 
173 	195 
173 	196 
173 	197 
173 	198 
173 	199 
173 	200 
173 	201 
173 	202 
173 	203 
174 	179 
174 	180 
174 	181 
174 	182 
174 	183 
174 	184 
174 	185 
174 	186 
174 	187 
174 	188 
174 	189 
174 	190 
174 	191 
174 	192 
174 	193 
174 	194 
174 	195 
174 	196 
174 	197 
174 	198 
174 	199 
174 	200 
174 	201 
174 	202 
174 	203 
175 	179 
175 	180 
175 	181 
175 	182 
175 	183 
175 	184 
175 	185 
175 	186 
175 	187 
175 	188 
175 	189 
175 	190 
175 	191 
175 	192 
175 	193 
175 	194 
175 	195 
175 	196 
175 	197 
175 	198 
175 	199 
175 	200 
175 	201 
175 	202 
175 	203 
176 	179 
176 	180 
176 	181 
176 	182 
176 	183 
176 	184 
176 	185 
176 	186 
176 	187 
176 	188 
176 	189 
176 	190 
176 	191 
176 	192 
176 	193 
176 	194 
176 	195 
176 	196 
176 	197 
176 	198 
176 	199 
176 	200 
176 	201 
176 	202 
176 	203 
177 	179 
177 	180 
177 	181 
177 	182 
177 	183 
177 	184 
177 	185 
177 	186 
177 	187 
177 	188 
177 	189 
177 	190 
177 	191 
177 	192 
177 	193 
177 	194 
177 	195 
177 	196 
177 	197 
177 	198 
177 	199 
177 	200 
177 	201 
177 	202 
177 	203 
178 	179 
178 	180 
178 	181 
178 	182 
178 	183 
178 	184 
178 	185 
178 	186 
178 	187 
178 	188 
178 	189 
178 	190 
178 	191 
178 	192 
178 	193 
178 	194 
178 	195 
178 	196 
178 	197 
178 	198 
178 	199 
178 	200 
178 	201 
178 	202 
178 	203 
129 	104 
129 	105 
129 	106 
129 	107 
129 	108 
129 	109 
129 	110 
129 	111 
129 	112 
129 	113 
129 	114 
129 	115 
129 	116 
129 	117 
129 	118 
129 	119 
129 	120 
129 	121 
129 	122 
129 	123 
129 	124 
129 	125 
129 	126 
129 	127 
129 	128 
130 	104 
130 	105 
130 	106 
130 	107 
130 	108 
130 	109 
130 	110 
130 	111 
130 	112 
130 	113 
130 	114 
130 	115 
130 	116 
130 	117 
130 	118 
130 	119 
130 	120 
130 	121 
130 	122 
130 	123 
130 	124 
130 	125 
130 	126 
130 	127 
130 	128 
131 	104 
131 	105 
131 	106 
131 	107 
131 	108 
131 	109 
131 	110 
131 	111 
131 	112 
131 	113 
131 	114 
131 	115 
131 	116 
131 	117 
131 	118 
131 	119 
131 	120 
131 	121 
131 	122 
131 	123 
131 	124 
131 	125 
131 	126 
131 	127 
131 	128 
132 	104 
132 	105 
132 	106 
132 	107 
132 	108 
132 	109 
132 	110 
132 	111 
132 	112 
132 	113 
132 	114 
132 	115 
132 	116 
132 	117 
132 	118 
132 	119 
132 	120 
132 	121 
132 	122 
132 	123 
132 	124 
132 	125 
132 	126 
132 	127 
132 	128 
133 	104 
133 	105 
133 	106 
133 	107 
133 	108 
133 	109 
133 	110 
133 	111 
133 	112 
133 	113 
133 	114 
133 	115 
133 	116 
133 	117 
133 	118 
133 	119 
133 	120 
133 	121 
133 	122 
133 	123 
133 	124 
133 	125 
133 	126 
133 	127 
133 	128 
134 	104 
134 	105 
134 	106 
134 	107 
134 	108 
134 	109 
134 	110 
134 	111 
134 	112 
134 	113 
134 	114 
134 	115 
134 	116 
134 	117 
134 	118 
134 	119 
134 	120 
134 	121 
134 	122 
134 	123 
134 	124 
134 	125 
134 	126 
134 	127 
134 	128 
135 	104 
135 	105 
135 	106 
135 	107 
135 	108 
135 	109 
135 	110 
135 	111 
135 	112 
135 	113 
135 	114 
135 	115 
135 	116 
135 	117 
135 	118 
135 	119 
135 	120 
135 	121 
135 	122 
135 	123 
135 	124 
135 	125 
135 	126 
135 	127 
135 	128 
136 	104 
136 	105 
136 	106 
136 	107 
136 	108 
136 	109 
136 	110 
136 	111 
136 	112 
136 	113 
136 	114 
136 	115 
136 	116 
136 	117 
136 	118 
136 	119 
136 	120 
136 	121 
136 	122 
136 	123 
136 	124 
136 	125 
136 	126 
136 	127 
136 	128 
137 	104 
137 	105 
137 	106 
137 	107 
137 	108 
137 	109 
137 	110 
137 	111 
137 	112 
137 	113 
137 	114 
137 	115 
137 	116 
137 	117 
137 	118 
137 	119 
137 	120 
137 	121 
137 	122 
137 	123 
137 	124 
137 	125 
137 	126 
137 	127 
137 	128 
138 	104 
138 	105 
138 	106 
138 	107 
138 	108 
138 	109 
138 	110 
138 	111 
138 	112 
138 	113 
138 	114 
138 	115 
138 	116 
138 	117 
138 	118 
138 	119 
138 	120 
138 	121 
138 	122 
138 	123 
138 	124 
138 	125 
138 	126 
138 	127 
138 	128 
139 	104 
139 	105 
139 	106 
139 	107 
139 	108 
139 	109 
139 	110 
139 	111 
139 	112 
139 	113 
139 	114 
139 	115 
139 	116 
139 	117 
139 	118 
139 	119 
139 	120 
139 	121 
139 	122 
139 	123 
139 	124 
139 	125 
139 	126 
139 	127 
139 	128 
140 	104 
140 	105 
140 	106 
140 	107 
140 	108 
140 	109 
140 	110 
140 	111 
140 	112 
140 	113 
140 	114 
140 	115 
140 	116 
140 	117 
140 	118 
140 	119 
140 	120 
140 	121 
140 	122 
140 	123 
140 	124 
140 	125 
140 	126 
140 	127 
140 	128 
141 	104 
141 	105 
141 	106 
141 	107 
141 	108 
141 	109 
141 	110 
141 	111 
141 	112 
141 	113 
141 	114 
141 	115 
141 	116 
141 	117 
141 	118 
141 	119 
141 	120 
141 	121 
141 	122 
141 	123 
141 	124 
141 	125 
141 	126 
141 	127 
141 	128 
142 	104 
142 	105 
142 	106 
142 	107 
142 	108 
142 	109 
142 	110 
142 	111 
142 	112 
142 	113 
142 	114 
142 	115 
142 	116 
142 	117 
142 	118 
142 	119 
142 	120 
142 	121 
142 	122 
142 	123 
142 	124 
142 	125 
142 	126 
142 	127 
142 	128 
143 	104 
143 	105 
143 	106 
143 	107 
143 	108 
143 	109 
143 	110 
143 	111 
143 	112 
143 	113 
143 	114 
143 	115 
143 	116 
143 	117 
143 	118 
143 	119 
143 	120 
143 	121 
143 	122 
143 	123 
143 	124 
143 	125 
143 	126 
143 	127 
143 	128 
144 	104 
144 	105 
144 	106 
144 	107 
144 	108 
144 	109 
144 	110 
144 	111 
144 	112 
144 	113 
144 	114 
144 	115 
144 	116 
144 	117 
144 	118 
144 	119 
144 	120 
144 	121 
144 	122 
144 	123 
144 	124 
144 	125 
144 	126 
144 	127 
144 	128 
145 	104 
145 	105 
145 	106 
145 	107 
145 	108 
145 	109 
145 	110 
145 	111 
145 	112 
145 	113 
145 	114 
145 	115 
145 	116 
145 	117 
145 	118 
145 	119 
145 	120 
145 	121 
145 	122 
145 	123 
145 	124 
145 	125 
145 	126 
145 	127 
145 	128 
146 	104 
146 	105 
146 	106 
146 	107 
146 	108 
146 	109 
146 	110 
146 	111 
146 	112 
146 	113 
146 	114 
146 	115 
146 	116 
146 	117 
146 	118 
146 	119 
146 	120 
146 	121 
146 	122 
146 	123 
146 	124 
146 	125 
146 	126 
146 	127 
146 	128 
147 	104 
147 	105 
147 	106 
147 	107 
147 	108 
147 	109 
147 	110 
147 	111 
147 	112 
147 	113 
147 	114 
147 	115 
147 	116 
147 	117 
147 	118 
147 	119 
147 	120 
147 	121 
147 	122 
147 	123 
147 	124 
147 	125 
147 	126 
147 	127 
147 	128 
148 	104 
148 	105 
148 	106 
148 	107 
148 	108 
148 	109 
148 	110 
148 	111 
148 	112 
148 	113 
148 	114 
148 	115 
148 	116 
148 	117 
148 	118 
148 	119 
148 	120 
148 	121 
148 	122 
148 	123 
148 	124 
148 	125 
148 	126 
148 	127 
148 	128 
149 	104 
149 	105 
149 	106 
149 	107 
149 	108 
149 	109 
149 	110 
149 	111 
149 	112 
149 	113 
149 	114 
149 	115 
149 	116 
149 	117 
149 	118 
149 	119 
149 	120 
149 	121 
149 	122 
149 	123 
149 	124 
149 	125 
149 	126 
149 	127 
149 	128 
150 	104 
150 	105 
150 	106 
150 	107 
150 	108 
150 	109 
150 	110 
150 	111 
150 	112 
150 	113 
150 	114 
150 	115 
150 	116 
150 	117 
150 	118 
150 	119 
150 	120 
150 	121 
150 	122 
150 	123 
150 	124 
150 	125 
150 	126 
150 	127 
150 	128 
151 	104 
151 	105 
151 	106 
151 	107 
151 	108 
151 	109 
151 	110 
151 	111 
151 	112 
151 	113 
151 	114 
151 	115 
151 	116 
151 	117 
151 	118 
151 	119 
151 	120 
151 	121 
151 	122 
151 	123 
151 	124 
151 	125 
151 	126 
151 	127 
151 	128 
152 	104 
152 	105 
152 	106 
152 	107 
152 	108 
152 	109 
152 	110 
152 	111 
152 	112 
152 	113 
152 	114 
152 	115 
152 	116 
152 	117 
152 	118 
152 	119 
152 	120 
152 	121 
152 	122 
152 	123 
152 	124 
152 	125 
152 	126 
152 	127 
152 	128 
153 	104 
153 	105 
153 	106 
153 	107 
153 	108 
153 	109 
153 	110 
153 	111 
153 	112 
153 	113 
153 	114 
153 	115 
153 	116 
153 	117 
153 	118 
153 	119 
153 	120 
153 	121 
153 	122 
153 	123 
153 	124 
153 	125 
153 	126 
153 	127 
153 	128 
154 	129 
154 	130 
154 	131 
154 	132 
154 	133 
154 	134 
154 	135 
154 	136 
154 	137 
154 	138 
154 	139 
154 	140 
154 	141 
154 	142 
154 	143 
154 	144 
154 	145 
154 	146 
154 	147 
154 	148 
154 	149 
154 	150 
154 	151 
154 	152 
154 	153 
155 	129 
155 	130 
155 	131 
155 	132 
155 	133 
155 	134 
155 	135 
155 	136 
155 	137 
155 	138 
155 	139 
155 	140 
155 	141 
155 	142 
155 	143 
155 	144 
155 	145 
155 	146 
155 	147 
155 	148 
155 	149 
155 	150 
155 	151 
155 	152 
155 	153 
156 	129 
156 	130 
156 	131 
156 	132 
156 	133 
156 	134 
156 	135 
156 	136 
156 	137 
156 	138 
156 	139 
156 	140 
156 	141 
156 	142 
156 	143 
156 	144 
156 	145 
156 	146 
156 	147 
156 	148 
156 	149 
156 	150 
156 	151 
156 	152 
156 	153 
157 	129 
157 	130 
157 	131 
157 	132 
157 	133 
157 	134 
157 	135 
157 	136 
157 	137 
157 	138 
157 	139 
157 	140 
157 	141 
157 	142 
157 	143 
157 	144 
157 	145 
157 	146 
157 	147 
157 	148 
157 	149 
157 	150 
157 	151 
157 	152 
157 	153 
158 	129 
158 	130 
158 	131 
158 	132 
158 	133 
158 	134 
158 	135 
158 	136 
158 	137 
158 	138 
158 	139 
158 	140 
158 	141 
158 	142 
158 	143 
158 	144 
158 	145 
158 	146 
158 	147 
158 	148 
158 	149 
158 	150 
158 	151 
158 	152 
158 	153 
159 	129 
159 	130 
159 	131 
159 	132 
159 	133 
159 	134 
159 	135 
159 	136 
159 	137 
159 	138 
159 	139 
159 	140 
159 	141 
159 	142 
159 	143 
159 	144 
159 	145 
159 	146 
159 	147 
159 	148 
159 	149 
159 	150 
159 	151 
159 	152 
159 	153 
160 	129 
160 	130 
160 	131 
160 	132 
160 	133 
160 	134 
160 	135 
160 	136 
160 	137 
160 	138 
160 	139 
160 	140 
160 	141 
160 	142 
160 	143 
160 	144 
160 	145 
160 	146 
160 	147 
160 	148 
160 	149 
160 	150 
160 	151 
160 	152 
160 	153 
161 	129 
161 	130 
161 	131 
161 	132 
161 	133 
161 	134 
161 	135 
161 	136 
161 	137 
161 	138 
161 	139 
161 	140 
161 	141 
161 	142 
161 	143 
161 	144 
161 	145 
161 	146 
161 	147 
161 	148 
161 	149 
161 	150 
161 	151 
161 	152 
161 	153 
162 	129 
162 	130 
162 	131 
162 	132 
162 	133 
162 	134 
162 	135 
162 	136 
162 	137 
162 	138 
162 	139 
162 	140 
162 	141 
162 	142 
162 	143 
162 	144 
162 	145 
162 	146 
162 	147 
162 	148 
162 	149 
162 	150 
162 	151 
162 	152 
162 	153 
163 	129 
163 	130 
163 	131 
163 	132 
163 	133 
163 	134 
163 	135 
163 	136 
163 	137 
163 	138 
163 	139 
163 	140 
163 	141 
163 	142 
163 	143 
163 	144 
163 	145 
163 	146 
163 	147 
163 	148 
163 	149 
163 	150 
163 	151 
163 	152 
163 	153 
164 	129 
164 	130 
164 	131 
164 	132 
164 	133 
164 	134 
164 	135 
164 	136 
164 	137 
164 	138 
164 	139 
164 	140 
164 	141 
164 	142 
164 	143 
164 	144 
164 	145 
164 	146 
164 	147 
164 	148 
164 	149 
164 	150 
164 	151 
164 	152 
164 	153 
165 	129 
165 	130 
165 	131 
165 	132 
165 	133 
165 	134 
165 	135 
165 	136 
165 	137 
165 	138 
165 	139 
165 	140 
165 	141 
165 	142 
165 	143 
165 	144 
165 	145 
165 	146 
165 	147 
165 	148 
165 	149 
165 	150 
165 	151 
165 	152 
165 	153 
166 	129 
166 	130 
166 	131 
166 	132 
166 	133 
166 	134 
166 	135 
166 	136 
166 	137 
166 	138 
166 	139 
166 	140 
166 	141 
166 	142 
166 	143 
166 	144 
166 	145 
166 	146 
166 	147 
166 	148 
166 	149 
166 	150 
166 	151 
166 	152 
166 	153 
167 	129 
167 	130 
167 	131 
167 	132 
167 	133 
167 	134 
167 	135 
167 	136 
167 	137 
167 	138 
167 	139 
167 	140 
167 	141 
167 	142 
167 	143 
167 	144 
167 	145 
167 	146 
167 	147 
167 	148 
167 	149 
167 	150 
167 	151 
167 	152 
167 	153 
168 	129 
168 	130 
168 	131 
168 	132 
168 	133 
168 	134 
168 	135 
168 	136 
168 	137 
168 	138 
168 	139 
168 	140 
168 	141 
168 	142 
168 	143 
168 	144 
168 	145 
168 	146 
168 	147 
168 	148 
168 	149 
168 	150 
168 	151 
168 	152 
168 	153 
169 	129 
169 	130 
169 	131 
169 	132 
169 	133 
169 	134 
169 	135 
169 	136 
169 	137 
169 	138 
169 	139 
169 	140 
169 	141 
169 	142 
169 	143 
169 	144 
169 	145 
169 	146 
169 	147 
169 	148 
169 	149 
169 	150 
169 	151 
169 	152 
169 	153 
170 	129 
170 	130 
170 	131 
170 	132 
170 	133 
170 	134 
170 	135 
170 	136 
170 	137 
170 	138 
170 	139 
170 	140 
170 	141 
170 	142 
170 	143 
170 	144 
170 	145 
170 	146 
170 	147 
170 	148 
170 	149 
170 	150 
170 	151 
170 	152 
170 	153 
171 	129 
171 	130 
171 	131 
171 	132 
171 	133 
171 	134 
171 	135 
171 	136 
171 	137 
171 	138 
171 	139 
171 	140 
171 	141 
171 	142 
171 	143 
171 	144 
171 	145 
171 	146 
171 	147 
171 	148 
171 	149 
171 	150 
171 	151 
171 	152 
171 	153 
172 	129 
172 	130 
172 	131 
172 	132 
172 	133 
172 	134 
172 	135 
172 	136 
172 	137 
172 	138 
172 	139 
172 	140 
172 	141 
172 	142 
172 	143 
172 	144 
172 	145 
172 	146 
172 	147 
172 	148 
172 	149 
172 	150 
172 	151 
172 	152 
172 	153 
173 	129 
173 	130 
173 	131 
173 	132 
173 	133 
173 	134 
173 	135 
173 	136 
173 	137 
173 	138 
173 	139 
173 	140 
173 	141 
173 	142 
173 	143 
173 	144 
173 	145 
173 	146 
173 	147 
173 	148 
173 	149 
173 	150 
173 	151 
173 	152 
173 	153 
174 	129 
174 	130 
174 	131 
174 	132 
174 	133 
174 	134 
174 	135 
174 	136 
174 	137 
174 	138 
174 	139 
174 	140 
174 	141 
174 	142 
174 	143 
174 	144 
174 	145 
174 	146 
174 	147 
174 	148 
174 	149 
174 	150 
174 	151 
174 	152 
174 	153 
175 	129 
175 	130 
175 	131 
175 	132 
175 	133 
175 	134 
175 	135 
175 	136 
175 	137 
175 	138 
175 	139 
175 	140 
175 	141 
175 	142 
175 	143 
175 	144 
175 	145 
175 	146 
175 	147 
175 	148 
175 	149 
175 	150 
175 	151 
175 	152 
175 	153 
176 	129 
176 	130 
176 	131 
176 	132 
176 	133 
176 	134 
176 	135 
176 	136 
176 	137 
176 	138 
176 	139 
176 	140 
176 	141 
176 	142 
176 	143 
176 	144 
176 	145 
176 	146 
176 	147 
176 	148 
176 	149 
176 	150 
176 	151 
176 	152 
176 	153 
177 	129 
177 	130 
177 	131 
177 	132 
177 	133 
177 	134 
177 	135 
177 	136 
177 	137 
177 	138 
177 	139 
177 	140 
177 	141 
177 	142 
177 	143 
177 	144 
177 	145 
177 	146 
177 	147 
177 	148 
177 	149 
177 	150 
177 	151 
177 	152 
177 	153 
178 	129 
178 	130 
178 	131 
178 	132 
178 	133 
178 	134 
178 	135 
178 	136 
178 	137 
178 	138 
178 	139 
178 	140 
178 	141 
178 	142 
178 	143 
178 	144 
178 	145 
178 	146 
178 	147 
178 	148 
178 	149 
178 	150 
178 	151 
178 	152 
178 	153 
179 	154 
179 	155 
179 	156 
179 	157 
179 	158 
179 	159 
179 	160 
179 	161 
179 	162 
179 	163 
179 	164 
179 	165 
179 	166 
179 	167 
179 	168 
179 	169 
179 	170 
179 	171 
179 	172 
179 	173 
179 	174 
179 	175 
179 	176 
179 	177 
179 	178 
180 	154 
180 	155 
180 	156 
180 	157 
180 	158 
180 	159 
180 	160 
180 	161 
180 	162 
180 	163 
180 	164 
180 	165 
180 	166 
180 	167 
180 	168 
180 	169 
180 	170 
180 	171 
180 	172 
180 	173 
180 	174 
180 	175 
180 	176 
180 	177 
180 	178 
181 	154 
181 	155 
181 	156 
181 	157 
181 	158 
181 	159 
181 	160 
181 	161 
181 	162 
181 	163 
181 	164 
181 	165 
181 	166 
181 	167 
181 	168 
181 	169 
181 	170 
181 	171 
181 	172 
181 	173 
181 	174 
181 	175 
181 	176 
181 	177 
181 	178 
182 	154 
182 	155 
182 	156 
182 	157 
182 	158 
182 	159 
182 	160 
182 	161 
182 	162 
182 	163 
182 	164 
182 	165 
182 	166 
182 	167 
182 	168 
182 	169 
182 	170 
182 	171 
182 	172 
182 	173 
182 	174 
182 	175 
182 	176 
182 	177 
182 	178 
183 	154 
183 	155 
183 	156 
183 	157 
183 	158 
183 	159 
183 	160 
183 	161 
183 	162 
183 	163 
183 	164 
183 	165 
183 	166 
183 	167 
183 	168 
183 	169 
183 	170 
183 	171 
183 	172 
183 	173 
183 	174 
183 	175 
183 	176 
183 	177 
183 	178 
184 	154 
184 	155 
184 	156 
184 	157 
184 	158 
184 	159 
184 	160 
184 	161 
184 	162 
184 	163 
184 	164 
184 	165 
184 	166 
184 	167 
184 	168 
184 	169 
184 	170 
184 	171 
184 	172 
184 	173 
184 	174 
184 	175 
184 	176 
184 	177 
184 	178 
185 	154 
185 	155 
185 	156 
185 	157 
185 	158 
185 	159 
185 	160 
185 	161 
185 	162 
185 	163 
185 	164 
185 	165 
185 	166 
185 	167 
185 	168 
185 	169 
185 	170 
185 	171 
185 	172 
185 	173 
185 	174 
185 	175 
185 	176 
185 	177 
185 	178 
186 	154 
186 	155 
186 	156 
186 	157 
186 	158 
186 	159 
186 	160 
186 	161 
186 	162 
186 	163 
186 	164 
186 	165 
186 	166 
186 	167 
186 	168 
186 	169 
186 	170 
186 	171 
186 	172 
186 	173 
186 	174 
186 	175 
186 	176 
186 	177 
186 	178 
187 	154 
187 	155 
187 	156 
187 	157 
187 	158 
187 	159 
187 	160 
187 	161 
187 	162 
187 	163 
187 	164 
187 	165 
187 	166 
187 	167 
187 	168 
187 	169 
187 	170 
187 	171 
187 	172 
187 	173 
187 	174 
187 	175 
187 	176 
187 	177 
187 	178 
188 	154 
188 	155 
188 	156 
188 	157 
188 	158 
188 	159 
188 	160 
188 	161 
188 	162 
188 	163 
188 	164 
188 	165 
188 	166 
188 	167 
188 	168 
188 	169 
188 	170 
188 	171 
188 	172 
188 	173 
188 	174 
188 	175 
188 	176 
188 	177 
188 	178 
189 	154 
189 	155 
189 	156 
189 	157 
189 	158 
189 	159 
189 	160 
189 	161 
189 	162 
189 	163 
189 	164 
189 	165 
189 	166 
189 	167 
189 	168 
189 	169 
189 	170 
189 	171 
189 	172 
189 	173 
189 	174 
189 	175 
189 	176 
189 	177 
189 	178 
190 	154 
190 	155 
190 	156 
190 	157 
190 	158 
190 	159 
190 	160 
190 	161 
190 	162 
190 	163 
190 	164 
190 	165 
190 	166 
190 	167 
190 	168 
190 	169 
190 	170 
190 	171 
190 	172 
190 	173 
190 	174 
190 	175 
190 	176 
190 	177 
190 	178 
191 	154 
191 	155 
191 	156 
191 	157 
191 	158 
191 	159 
191 	160 
191 	161 
191 	162 
191 	163 
191 	164 
191 	165 
191 	166 
191 	167 
191 	168 
191 	169 
191 	170 
191 	171 
191 	172 
191 	173 
191 	174 
191 	175 
191 	176 
191 	177 
191 	178 
192 	154 
192 	155 
192 	156 
192 	157 
192 	158 
192 	159 
192 	160 
192 	161 
192 	162 
192 	163 
192 	164 
192 	165 
192 	166 
192 	167 
192 	168 
192 	169 
192 	170 
192 	171 
192 	172 
192 	173 
192 	174 
192 	175 
192 	176 
192 	177 
192 	178 
193 	154 
193 	155 
193 	156 
193 	157 
193 	158 
193 	159 
193 	160 
193 	161 
193 	162 
193 	163 
193 	164 
193 	165 
193 	166 
193 	167 
193 	168 
193 	169 
193 	170 
193 	171 
193 	172 
193 	173 
193 	174 
193 	175 
193 	176 
193 	177 
193 	178 
194 	154 
194 	155 
194 	156 
194 	157 
194 	158 
194 	159 
194 	160 
194 	161 
194 	162 
194 	163 
194 	164 
194 	165 
194 	166 
194 	167 
194 	168 
194 	169 
194 	170 
194 	171 
194 	172 
194 	173 
194 	174 
194 	175 
194 	176 
194 	177 
194 	178 
195 	154 
195 	155 
195 	156 
195 	157 
195 	158 
195 	159 
195 	160 
195 	161 
195 	162 
195 	163 
195 	164 
195 	165 
195 	166 
195 	167 
195 	168 
195 	169 
195 	170 
195 	171 
195 	172 
195 	173 
195 	174 
195 	175 
195 	176 
195 	177 
195 	178 
196 	154 
196 	155 
196 	156 
196 	157 
196 	158 
196 	159 
196 	160 
196 	161 
196 	162 
196 	163 
196 	164 
196 	165 
196 	166 
196 	167 
196 	168 
196 	169 
196 	170 
196 	171 
196 	172 
196 	173 
196 	174 
196 	175 
196 	176 
196 	177 
196 	178 
197 	154 
197 	155 
197 	156 
197 	157 
197 	158 
197 	159 
197 	160 
197 	161 
197 	162 
197 	163 
197 	164 
197 	165 
197 	166 
197 	167 
197 	168 
197 	169 
197 	170 
197 	171 
197 	172 
197 	173 
197 	174 
197 	175 
197 	176 
197 	177 
197 	178 
198 	154 
198 	155 
198 	156 
198 	157 
198 	158 
198 	159 
198 	160 
198 	161 
198 	162 
198 	163 
198 	164 
198 	165 
198 	166 
198 	167 
198 	168 
198 	169 
198 	170 
198 	171 
198 	172 
198 	173 
198 	174 
198 	175 
198 	176 
198 	177 
198 	178 
199 	154 
199 	155 
199 	156 
199 	157 
199 	158 
199 	159 
199 	160 
199 	161 
199 	162 
199 	163 
199 	164 
199 	165 
199 	166 
199 	167 
199 	168 
199 	169 
199 	170 
199 	171 
199 	172 
199 	173 
199 	174 
199 	175 
199 	176 
199 	177 
199 	178 
200 	154 
200 	155 
200 	156 
200 	157 
200 	158 
200 	159 
200 	160 
200 	161 
200 	162 
200 	163 
200 	164 
200 	165 
200 	166 
200 	167 
200 	168 
200 	169 
200 	170 
200 	171 
200 	172 
200 	173 
200 	174 
200 	175 
200 	176 
200 	177 
200 	178 
201 	154 
201 	155 
201 	156 
201 	157 
201 	158 
201 	159 
201 	160 
201 	161 
201 	162 
201 	163 
201 	164 
201 	165 
201 	166 
201 	167 
201 	168 
201 	169 
201 	170 
201 	171 
201 	172 
201 	173 
201 	174 
201 	175 
201 	176 
201 	177 
201 	178 
202 	154 
202 	155 
202 	156 
202 	157 
202 	158 
202 	159 
202 	160 
202 	161 
202 	162 
202 	163 
202 	164 
202 	165 
202 	166 
202 	167 
202 	168 
202 	169 
202 	170 
202 	171 
202 	172 
202 	173 
202 	174 
202 	175 
202 	176 
202 	177 
202 	178 
203 	154 
203 	155 
203 	156 
203 	157 
203 	158 
203 	159 
203 	160 
203 	161 
203 	162 
203 	163 
203 	164 
203 	165 
203 	166 
203 	167 
203 	168 
203 	169 
203 	170 
203 	171 
203 	172 
203 	173 
203 	174 
203 	175 
203 	176 
203 	177 
203 	178 
